0.000000 0.106899 0.577821 0.082185 0.107153 0.128094 0.544141 2.000000 0.113000 0.556031 2.000000 0.085703 0.611500 2.000000
0.000000 0.116524 0.686336 0.080867 0.047462 0.142906 0.676656 2.000000 0.126766 0.684328 2.000000 0.090141 0.696016 2.000000
0.000000 0.185695 0.369867 0.089522 0.106866 0.161406 0.402828 2.000000 0.170953 0.388484 2.000000 0.209984 0.336906 2.000000
0.000000 0.308797 0.497594 0.138578 0.092578 0.353344 0.476047 2.000000 0.328406 0.486594 2.000000 0.264250 0.519141 2.000000
0.000000 0.463070 0.435781 0.110618 0.112571 0.495266 0.402609 2.000000 0.480719 0.416984 2.000000 0.430875 0.468953 2.000000
0.000000 0.795367 0.407687 0.142479 0.123400 0.838953 0.373641 2.000000 0.813797 0.391609 2.000000 0.751781 0.441734 2.000000
0.000000 0.715258 0.308250 0.111930 0.131508 0.745875 0.267844 2.000000 0.731313 0.284000 2.000000 0.684641 0.348656 2.000000
0.000000 0.723782 0.192071 0.100387 0.098371 0.694172 0.163469 2.000000 0.706719 0.170328 2.000000 0.753391 0.220672 2.000000
0.000000 0.565961 0.287390 0.058880 0.148489 0.566891 0.237906 2.000000 0.561281 0.256391 2.000000 0.570641 0.336875 2.000000
0.000000 0.410062 0.231969 0.120914 0.099445 0.447516 0.205250 2.000000 0.428937 0.208500 2.000000 0.372609 0.258688 2.000000
0.000000 0.238476 0.262625 0.083988 0.117659 0.259094 0.225172 2.000000 0.243406 0.234859 2.000000 0.217859 0.300078 2.000000
0.000000 0.017933 0.398532 0.035867 0.087234 0.008734 0.369672 2.000000 0.004984 0.382547 2.000000 0.021109 0.427391 2.000000
0.000000 0.510860 0.082101 0.107128 0.085644 0.477469 0.059453 2.000000 0.492563 0.068016 2.000000 0.544250 0.104750 2.000000
0.000000 0.221398 0.184008 0.095356 0.095949 0.249266 0.155844 2.000000 0.235344 0.167547 2.000000 0.193531 0.212172 2.000000
0.000000 0.330398 0.126320 0.092727 0.117883 0.354687 0.089453 2.000000 0.339938 0.104234 2.000000 0.306109 0.163187 2.000000
0.000000 0.196476 0.116063 0.096501 0.111485 0.223094 0.081953 2.000000 0.205469 0.092406 2.000000 0.169859 0.150172 2.000000
0.000000 0.087289 0.108210 0.084098 0.127755 0.106609 0.067062 2.000000 0.095562 0.080906 2.000000 0.067969 0.149359 2.000000
0.000000 0.107235 0.441500 0.060505 0.122536 0.101094 0.400906 2.000000 0.097656 0.419859 2.000000 0.116813 0.482094 2.000000
