0.000000 0.621665 0.112289 0.094451 0.044138 0.653141 0.105969 2.000000 0.636828 0.118609 2.000000 0.590188 0.108297 2.000000
0.000000 0.503117 0.053388 0.056006 0.106777 0.506234 0.001812 2.000000 0.496125 0.018453 2.000000 0.510109 0.085766 2.000000
0.000000 0.453375 0.188375 0.107837 0.112493 0.484469 0.154953 2.000000 0.465031 0.168219 2.000000 0.422281 0.221797 2.000000
0.000000 0.314226 0.091477 0.098831 0.113923 0.341516 0.056641 2.000000 0.327000 0.068781 2.000000 0.286937 0.126312 2.000000
0.000000 0.242555 0.252946 0.082017 0.119173 0.262125 0.214797 2.000000 0.247578 0.228109 2.000000 0.222984 0.291094 2.000000
0.000000 0.248196 0.148313 0.059820 0.141148 0.243219 0.195250 2.000000 0.241922 0.173453 2.000000 0.254469 0.101375 2.000000
0.000000 0.156781 0.040616 0.111715 0.081233 0.190375 0.000516 2.000000 0.172234 0.005172 2.000000 0.123188 0.058969 2.000000
0.000000 0.045164 0.047805 0.072474 0.080286 0.065547 0.023516 2.000000 0.053844 0.031406 2.000000 0.024781 0.072094 2.000000
0.000000 0.170164 0.170094 0.045693 0.122959 0.171172 0.129109 2.000000 0.167813 0.152906 2.000000 0.172516 0.211078 2.000000
0.000000 0.063000 0.127156 0.076647 0.102179 0.082484 0.094906 2.000000 0.069047 0.106172 2.000000 0.043516 0.159406 2.000000
0.000000 0.136727 0.262828 0.069877 0.125612 0.150031 0.221656 2.000000 0.136594 0.235687 2.000000 0.123422 0.304000 2.000000
0.000000 0.089273 0.440172 0.072630 0.108646 0.072359 0.405250 2.000000 0.072797 0.420687 2.000000 0.106187 0.475094 2.000000
0.000000 0.111265 0.576242 0.083799 0.103315 0.133609 0.544141 2.000000 0.119297 0.556219 2.000000 0.088922 0.608344 2.000000
0.000000 0.047711 0.586946 0.060087 0.026556 0.067656 0.583766 2.000000 0.052469 0.586156 2.000000 0.027766 0.590125 2.000000
0.000000 0.165179 0.643297 0.076346 0.090237 0.186000 0.615531 2.000000 0.176453 0.632062 2.000000 0.144359 0.671063 2.000000
0.000000 0.067375 0.695211 0.068350 0.158396 0.059781 0.747828 2.000000 0.065422 0.720859 2.000000 0.074969 0.642594 2.000000
0.000000 0.052649 0.796868 0.086852 0.127352 0.032078 0.756047 2.000000 0.037906 0.774453 2.000000 0.073219 0.837688 2.000000
0.000000 0.716187 0.311039 0.119597 0.127362 0.750391 0.272953 2.000000 0.731750 0.289594 2.000000 0.681984 0.349125 2.000000
0.000000 0.732437 0.174766 0.081294 0.117825 0.713000 0.137063 2.000000 0.723109 0.147375 2.000000 0.751875 0.212469 2.000000
0.000000 0.572696 0.254445 0.056254 0.137879 0.577750 0.208578 2.000000 0.570750 0.225875 2.000000 0.567641 0.300312 2.000000
