0.000000 0.373383 0.151149 0.099111 0.112610 0.400938 0.116844 2.000000 0.388563 0.128000 2.000000 0.345828 0.185453 2.000000
0.000000 0.559539 0.078039 0.062945 0.132351 0.550437 0.034234 2.000000 0.551734 0.044469 2.000000 0.568641 0.121844 2.000000
0.000000 0.636578 0.219898 0.128028 0.087169 0.677625 0.240516 2.000000 0.657391 0.230313 2.000000 0.595531 0.199281 2.000000
0.000000 0.700914 0.082851 0.165712 0.065243 0.645750 0.087781 2.000000 0.668984 0.084594 2.000000 0.756078 0.077922 2.000000
0.000000 0.718765 0.171797 0.087595 0.145220 0.737203 0.124547 2.000000 0.725891 0.145828 2.000000 0.700328 0.219047 2.000000
0.000000 0.556063 0.698898 0.061098 0.136864 0.563594 0.653484 2.000000 0.560078 0.675219 2.000000 0.548531 0.744313 2.000000
0.000000 0.412281 0.644446 0.112921 0.053187 0.449672 0.636922 2.000000 0.432609 0.640969 2.000000 0.374891 0.651969 2.000000
0.000000 0.296851 0.544828 0.115193 0.086084 0.333234 0.523000 2.000000 0.314172 0.534125 2.000000 0.260469 0.566656 2.000000
0.000000 0.529258 0.504336 0.141153 0.089434 0.483578 0.484516 2.000000 0.503734 0.491734 2.000000 0.574937 0.524156 2.000000
0.000000 0.449313 0.442860 0.080098 0.097568 0.427813 0.412625 2.000000 0.439234 0.428422 2.000000 0.470812 0.473094 2.000000
0.000000 0.151117 0.421867 0.092471 0.106002 0.176719 0.389500 2.000000 0.160656 0.403094 2.000000 0.125516 0.454234 2.000000
0.000000 0.070711 0.162407 0.077109 0.111812 0.089141 0.126625 2.000000 0.075703 0.142953 2.000000 0.052281 0.198188 2.000000
0.000000 0.177219 0.164867 0.091866 0.103912 0.202813 0.133250 2.000000 0.185750 0.148516 2.000000 0.151625 0.196484 2.000000
0.000000 0.211851 0.080555 0.061201 0.089295 0.226406 0.051953 2.000000 0.215359 0.059734 2.000000 0.197297 0.109156 2.000000
