0.000000 0.197508 0.399594 0.100226 0.125086 0.170969 0.438563 2.000000 0.181719 0.417734 2.000000 0.224047 0.360625 2.000000
0.000000 0.273781 0.952164 0.110994 0.047698 0.310656 0.946937 2.000000 0.293234 0.951641 2.000000 0.236906 0.957391 2.000000
0.000000 0.292039 0.609109 0.116480 0.082371 0.329172 0.589031 2.000000 0.309609 0.595391 2.000000 0.254906 0.629188 2.000000
0.000000 0.227297 0.579758 0.090565 0.051924 0.256906 0.569469 2.000000 0.242359 0.572734 2.000000 0.197687 0.590047 2.000000
0.000000 0.149133 0.492649 0.084587 0.110118 0.170969 0.458047 2.000000 0.160219 0.470641 2.000000 0.127297 0.527250 2.000000
0.000000 0.071898 0.392875 0.056774 0.113946 0.080937 0.355250 2.000000 0.073609 0.376250 2.000000 0.062859 0.430500 2.000000
0.000000 0.456336 0.505703 0.110629 0.100769 0.422953 0.477250 2.000000 0.431656 0.485375 2.000000 0.489719 0.534156 2.000000
0.000000 0.041742 0.326851 0.060725 0.114726 0.031000 0.289109 2.000000 0.031578 0.304781 2.000000 0.052484 0.364594 2.000000
0.000000 0.072227 0.222328 0.072224 0.103584 0.089641 0.189234 2.000000 0.078625 0.202062 2.000000 0.054813 0.255422 2.000000
0.000000 0.146265 0.167750 0.074936 0.142873 0.159328 0.120719 2.000000 0.148875 0.129281 2.000000 0.133203 0.214781 2.000000
0.000000 0.205195 0.109968 0.052577 0.147218 0.206937 0.060906 2.000000 0.206359 0.080750 2.000000 0.203453 0.159031 2.000000
0.000000 0.327773 0.274023 0.102163 0.134413 0.301578 0.231703 2.000000 0.309641 0.247266 2.000000 0.353969 0.316344 2.000000
0.000000 0.288133 0.163844 0.074688 0.125767 0.303578 0.122859 2.000000 0.296203 0.140719 2.000000 0.272688 0.204828 2.000000
0.000000 0.360695 0.211883 0.088258 0.114477 0.383531 0.175937 2.000000 0.369422 0.187406 2.000000 0.337859 0.247828 2.000000
0.000000 0.435180 0.062695 0.179635 0.067448 0.375328 0.065156 2.000000 0.400203 0.066453 2.000000 0.495031 0.058937 2.000000
0.000000 0.556437 0.143672 0.082543 0.127636 0.537781 0.102469 2.000000 0.544000 0.113875 2.000000 0.575094 0.184875 2.000000
0.000000 0.717351 0.249781 0.110721 0.136361 0.746891 0.207422 2.000000 0.732906 0.221469 2.000000 0.687812 0.292141 2.000000
