0.000000 0.716460 0.310906 0.105165 0.135275 0.743812 0.268500 2.000000 0.729266 0.283984 2.000000 0.689109 0.353313 2.000000
0.000000 0.548188 0.227805 0.063026 0.136291 0.539656 0.182641 2.000000 0.540656 0.195141 2.000000 0.556719 0.272969 2.000000
0.000000 0.417281 0.143836 0.084398 0.136132 0.398984 0.188000 2.000000 0.401953 0.167016 2.000000 0.435578 0.099672 2.000000
0.000000 0.318656 0.088016 0.108124 0.113561 0.349750 0.054203 2.000000 0.332641 0.067547 2.000000 0.287562 0.121828 2.000000
0.000000 0.241000 0.112625 0.050024 0.134836 0.243516 0.067703 2.000000 0.239500 0.082937 2.000000 0.238484 0.157547 2.000000
0.000000 0.119797 0.130945 0.060022 0.128788 0.128078 0.088281 2.000000 0.121063 0.102844 2.000000 0.111516 0.173609 2.000000
0.000000 0.067359 0.065492 0.090533 0.047798 0.037250 0.067203 2.000000 0.046281 0.056750 2.000000 0.097469 0.074234 2.000000
0.000000 0.219750 0.185179 0.114499 0.058984 0.182016 0.175203 2.000000 0.195891 0.176250 2.000000 0.257484 0.195156 2.000000
0.000000 0.075086 0.184742 0.099610 0.037578 0.041906 0.186906 2.000000 0.052312 0.186469 2.000000 0.108266 0.182578 2.000000
0.000000 0.272446 0.245032 0.043407 0.118453 0.274391 0.205563 2.000000 0.272656 0.220344 2.000000 0.270500 0.284500 2.000000
0.000000 0.160062 0.243727 0.073378 0.118924 0.175891 0.205125 2.000000 0.164187 0.219875 2.000000 0.144234 0.282328 2.000000
0.000000 0.082415 0.259781 0.095369 0.094947 0.110391 0.232016 2.000000 0.096094 0.239391 2.000000 0.054438 0.287547 2.000000
0.000000 0.274789 0.327047 0.104237 0.042722 0.309484 0.329609 2.000000 0.293438 0.330984 2.000000 0.240094 0.323109 2.000000
0.000000 0.069016 0.432281 0.069127 0.111628 0.054047 0.396062 2.000000 0.054922 0.412047 2.000000 0.083984 0.468500 2.000000
0.000000 0.115844 0.582266 0.090951 0.105014 0.140937 0.550141 2.000000 0.128891 0.563281 2.000000 0.090750 0.614391 2.000000
0.000000 0.050093 0.594054 0.095440 0.093924 0.078203 0.621406 2.000000 0.063641 0.612250 2.000000 0.021984 0.566703 2.000000
0.000000 0.112039 0.894672 0.091279 0.086576 0.084828 0.919531 2.000000 0.096250 0.906656 2.000000 0.139250 0.869812 2.000000
