0.000000 0.807305 0.513308 0.111015 0.284323 0.799297 0.418646 2.000000 0.801979 0.457083 2.000000 0.815312 0.607969 2.000000
0.000000 0.496640 0.599309 0.187001 0.212339 0.444635 0.534635 2.000000 0.468646 0.567188 2.000000 0.548646 0.663984 2.000000
0.000000 0.729310 0.646654 0.243258 0.143258 0.649974 0.617318 2.000000 0.689974 0.634635 2.000000 0.808646 0.675990 2.000000
0.000000 0.823307 0.835313 0.116335 0.267011 0.809974 0.746641 2.000000 0.812656 0.783854 2.000000 0.836641 0.923984 2.000000
0.000000 0.452174 0.804336 0.115330 0.215589 0.472917 0.733464 2.000000 0.464844 0.765443 2.000000 0.431432 0.875208 2.000000
0.000000 0.202097 0.643581 0.092230 0.262803 0.199818 0.555990 2.000000 0.199792 0.587031 2.000000 0.204401 0.731172 2.000000
0.000000 0.068041 0.648776 0.136081 0.226329 0.031563 0.575599 2.000000 0.020026 0.606224 2.000000 0.096094 0.721953 2.000000
0.000000 0.190677 0.866237 0.136281 0.210319 0.159818 0.798359 2.000000 0.176797 0.835000 2.000000 0.221536 0.934115 2.000000
0.000000 0.505391 0.941926 0.260943 0.116148 0.419010 0.963411 2.000000 0.459115 0.955443 2.000000 0.591771 0.927943 2.000000
0.000000 0.956268 0.414987 0.087464 0.248652 0.980547 0.332448 2.000000 0.977448 0.367552 2.000000 0.954323 0.497526 2.000000
0.000000 0.949789 0.782149 0.100423 0.203578 0.935807 0.716589 2.000000 0.952786 0.748984 2.000000 0.997526 0.847708 2.000000
0.000000 0.428256 0.330456 0.128753 0.278414 0.422865 0.237891 2.000000 0.410521 0.277344 2.000000 0.445990 0.423021 2.000000
0.000000 0.273216 0.355143 0.152189 0.281772 0.245443 0.262578 2.000000 0.248516 0.297656 2.000000 0.300990 0.447708 2.000000
0.000000 0.686666 0.311237 0.188600 0.227323 0.635755 0.240964 2.000000 0.660443 0.272786 2.000000 0.737578 0.381510 2.000000
0.000000 0.560925 0.204869 0.082530 0.242972 0.560156 0.123880 2.000000 0.560156 0.158203 2.000000 0.561693 0.285859 2.000000
0.000000 0.823959 0.297435 0.107524 0.275675 0.831667 0.205651 2.000000 0.830130 0.244844 2.000000 0.816250 0.389219 2.000000
0.000000 0.214635 0.440638 0.157768 0.216440 0.175312 0.371979 2.000000 0.183307 0.404870 2.000000 0.253958 0.509297 2.000000
0.000000 0.064864 0.459974 0.129727 0.228828 0.035313 0.385313 2.000000 0.039297 0.415078 2.000000 0.089974 0.534635 2.000000
0.000000 0.633972 0.472643 0.091344 0.265979 0.633984 0.383984 2.000000 0.632630 0.422656 2.000000 0.635313 0.561302 2.000000
