0.000000 0.826029 0.290247 0.097046 0.251942 0.830677 0.206328 2.000000 0.832500 0.239661 2.000000 0.819557 0.374167 2.000000
0.000000 0.682943 0.318815 0.158850 0.227573 0.644609 0.246120 2.000000 0.664505 0.280052 2.000000 0.721276 0.391510 2.000000
0.000000 0.464831 0.325794 0.092880 0.239286 0.471302 0.246120 2.000000 0.467318 0.275651 2.000000 0.458359 0.405469 2.000000
0.000000 0.560143 0.168177 0.123099 0.210573 0.585130 0.099453 2.000000 0.572630 0.137526 2.000000 0.535156 0.236901 2.000000
0.000000 0.624414 0.477865 0.095099 0.230750 0.633333 0.401120 2.000000 0.631563 0.443047 2.000000 0.615495 0.554609 2.000000
0.000000 0.788633 0.508203 0.120192 0.295114 0.799349 0.410026 2.000000 0.797552 0.461068 2.000000 0.777917 0.606380 2.000000
0.000000 0.827357 0.826641 0.111911 0.247562 0.841641 0.744531 2.000000 0.834505 0.785443 2.000000 0.813073 0.908750 2.000000
0.000000 0.727409 0.651719 0.229440 0.161602 0.654219 0.612448 2.000000 0.691693 0.626432 2.000000 0.800599 0.690990 2.000000
0.000000 0.958273 0.414323 0.083454 0.267847 0.961224 0.325078 2.000000 0.964792 0.365521 2.000000 0.970156 0.503568 2.000000
0.000000 0.954639 0.782018 0.090723 0.218137 0.946953 0.710625 2.000000 0.954089 0.747813 2.000000 0.995156 0.853411 2.000000
0.000000 0.248138 0.355417 0.120280 0.289837 0.259740 0.259036 2.000000 0.252604 0.303646 2.000000 0.236536 0.451797 2.000000
0.000000 0.113373 0.310794 0.193529 0.222071 0.059818 0.242969 2.000000 0.083021 0.283125 2.000000 0.166927 0.378620 2.000000
0.000000 0.176731 0.102365 0.193083 0.204731 0.125859 0.007344 2.000000 0.149063 0.035026 2.000000 0.227604 0.159062 2.000000
0.000000 0.089379 0.460729 0.178759 0.241423 0.009844 0.387552 2.000000 0.036615 0.418047 2.000000 0.131224 0.533906 2.000000
0.000000 0.409687 0.423242 0.221776 0.211073 0.475729 0.483932 2.000000 0.448958 0.459974 2.000000 0.343646 0.362552 2.000000
0.000000 0.199062 0.671341 0.172076 0.207779 0.245469 0.607083 2.000000 0.220469 0.632526 2.000000 0.152656 0.735599 2.000000
0.000000 0.581927 0.696354 0.206060 0.211424 0.522135 0.633880 2.000000 0.545339 0.659167 2.000000 0.641719 0.758828 2.000000
0.000000 0.448945 0.886226 0.144080 0.227547 0.479297 0.814141 2.000000 0.470365 0.843594 2.000000 0.418594 0.969453 2.000000
0.000000 0.315976 0.742748 0.229623 0.149311 0.390052 0.776667 2.000000 0.352552 0.764609 2.000000 0.241901 0.708828 2.000000
0.000000 0.206185 0.861445 0.225957 0.142051 0.132995 0.830208 2.000000 0.172266 0.850599 2.000000 0.279375 0.892682 2.000000
0.000000 0.043694 0.759701 0.087388 0.235375 0.047344 0.682057 2.000000 0.036615 0.713750 2.000000 0.008073 0.837344 2.000000
0.000000 0.365951 0.528932 0.200875 0.073400 0.299010 0.526771 2.000000 0.338281 0.525729 2.000000 0.432891 0.532135 2.000000
0.000000 0.937614 0.601744 0.124771 0.175584 0.975521 0.546406 2.000000 0.950521 0.580313 2.000000 0.907682 0.657083 2.000000
