0.000000 0.586393 0.454492 0.132800 0.226915 0.613385 0.380443 2.000000 0.596406 0.426719 2.000000 0.559401 0.528542 2.000000
0.000000 0.171328 0.418372 0.189404 0.195419 0.226172 0.360521 2.000000 0.210573 0.386615 2.000000 0.116484 0.476224 2.000000
0.000000 0.817786 0.315638 0.069481 0.194456 0.815469 0.250833 2.000000 0.820104 0.284531 2.000000 0.820104 0.380443 2.000000
0.000000 0.957144 0.197005 0.085712 0.209655 0.949688 0.127578 2.000000 0.954323 0.157161 2.000000 0.977448 0.266432 2.000000
0.000000 0.100430 0.136680 0.099401 0.236693 0.110469 0.057995 2.000000 0.105833 0.091823 2.000000 0.090391 0.215365 2.000000
0.000000 0.290964 0.324896 0.162127 0.270148 0.324896 0.236953 2.000000 0.311016 0.272708 2.000000 0.257031 0.412839 2.000000
0.000000 0.467591 0.368867 0.090496 0.229350 0.472995 0.292500 2.000000 0.474531 0.323229 2.000000 0.460651 0.445234 2.000000
0.000000 0.336458 0.399713 0.159832 0.246239 0.372708 0.320260 2.000000 0.346484 0.363724 2.000000 0.300208 0.479167 2.000000
0.000000 0.694375 0.413607 0.183815 0.242435 0.741432 0.337240 2.000000 0.721380 0.372969 2.000000 0.647318 0.489974 2.000000
0.000000 0.392773 0.686654 0.151463 0.236307 0.358828 0.610286 2.000000 0.371172 0.644740 2.000000 0.426719 0.763021 2.000000
0.000000 0.223841 0.606445 0.101910 0.234566 0.235417 0.528542 2.000000 0.229245 0.572891 2.000000 0.212266 0.684349 2.000000
