0.000000 0.846641 0.119785 0.102161 0.239570 0.851979 0.011172 2.000000 0.847969 0.050495 2.000000 0.841302 0.193828 2.000000
0.000000 0.790638 0.352513 0.117514 0.253502 0.806641 0.268516 2.000000 0.799974 0.309948 2.000000 0.774635 0.436510 2.000000
0.000000 0.889309 0.430508 0.134711 0.165388 0.925312 0.379167 2.000000 0.917318 0.398620 2.000000 0.853307 0.481849 2.000000
0.000000 0.940162 0.301133 0.119675 0.232815 0.921146 0.225547 2.000000 0.936589 0.258073 2.000000 0.982865 0.376719 2.000000
0.000000 0.258555 0.910818 0.157692 0.178364 0.217682 0.859609 2.000000 0.233099 0.885312 2.000000 0.299427 0.987630 2.000000
0.000000 0.784623 0.738646 0.142253 0.234778 0.754531 0.662292 2.000000 0.765339 0.698672 2.000000 0.814714 0.815000 2.000000
0.000000 0.450638 0.519844 0.135324 0.208683 0.419974 0.452500 2.000000 0.427969 0.471719 2.000000 0.481302 0.587187 2.000000
0.000000 0.510573 0.418516 0.142822 0.232041 0.479844 0.343177 2.000000 0.481302 0.373281 2.000000 0.541302 0.493854 2.000000
0.000000 0.622643 0.261172 0.098733 0.230739 0.611979 0.184505 2.000000 0.611979 0.218620 2.000000 0.633307 0.337839 2.000000
0.000000 0.713307 0.109131 0.094181 0.218262 0.707969 0.009844 2.000000 0.709297 0.042943 2.000000 0.718646 0.176510 2.000000
